#Valores de autocorrelacion para matriz de tamaño: 32 y temperatura: 1.5 ºK
1
0.97566
0.973547
0.973298
0.973285
0.973288
0.973286
0.973275
0.973287
0.973289
0.973275
0.973277
0.973283
0.973277
0.973266
0.973263
0.973253
0.973263
0.973266
0.973277
0.973283
0.973277
0.973275
0.973289
0.973287
0.973275
0.973286
0.973288
0.973285
0.973298
0.973547
0.97566

#Valores de autocorrelacion para matriz de tamaño: 32 y temperatura: 1.72 ºK
1
0.945712
0.938332
0.9371
0.936847
0.936789
0.936804
0.936819
0.936803
0.936815
0.936828
0.936809
0.936831
0.936806
0.936802
0.936779
0.93674
0.936779
0.936802
0.936806
0.936831
0.936809
0.936828
0.936815
0.936803
0.936819
0.936804
0.936789
0.936847
0.9371
0.938332
0.945712

#Valores de autocorrelacion para matriz de tamaño: 32 y temperatura: 1.94 ºK
1
0.893289
0.871618
0.865962
0.864138
0.863548
0.863327
0.863238
0.863192
0.863189
0.863184
0.863146
0.863156
0.863124
0.863102
0.863205
0.863155
0.863205
0.863102
0.863124
0.863156
0.863146
0.863184
0.863189
0.863192
0.863238
0.863327
0.863548
0.864137
0.865962
0.871618
0.893289

#Valores de autocorrelacion para matriz de tamaño: 32 y temperatura: 2.16 ºK
1
0.799668
0.740077
0.7162
0.704319
0.69773
0.693972
0.691634
0.689836
0.68874
0.688054
0.687469
0.687234
0.687061
0.686774
0.686736
0.68652
0.686736
0.686774
0.687061
0.687234
0.687469
0.688054
0.68874
0.689836
0.691634
0.693972
0.69773
0.704319
0.7162
0.740077
0.799668

#Valores de autocorrelacion para matriz de tamaño: 32 y temperatura: 2.38 ºK
1
0.620923
0.461715
0.372863
0.314628
0.272539
0.240703
0.215741
0.196167
0.180426
0.16812
0.157989
0.14993
0.144198
0.139894
0.137825
0.137239
0.137825
0.139894
0.144198
0.14993
0.157989
0.16812
0.180426
0.196167
0.215741
0.240703
0.272539
0.314628
0.372863
0.461715
0.620923

#Valores de autocorrelacion para matriz de tamaño: 32 y temperatura: 2.61 ºK
1
0.510677
0.308792
0.203964
0.14125
0.101104
0.0735117
0.0547039
0.0409707
0.0309426
0.0234344
0.0179852
0.0138254
0.011393
0.00972187
0.00892656
0.0089
0.00892656
0.00972188
0.011393
0.0138254
0.0179852
0.0234344
0.0309426
0.0409707
0.0547039
0.0735117
0.101104
0.14125
0.203964
0.308792
0.510677

#Valores de autocorrelacion para matriz de tamaño: 32 y temperatura: 2.83 ºK
1
0.44684
0.234073
0.133752
0.0804465
0.0501547
0.0318902
0.0209191
0.0132992
0.00931016
0.00639648
0.00424883
0.00296914
0.00244883
0.00206328
0.00123203
0.00125156
0.00123203
0.00206328
0.00244883
0.00296914
0.00424883
0.00639648
0.00931016
0.0132992
0.0209191
0.0318902
0.0501547
0.0804465
0.133752
0.234073
0.44684

#Valores de autocorrelacion para matriz de tamaño: 32 y temperatura: 3.05 ºK
1
0.399125
0.184089
0.0925461
0.0488336
0.0268801
0.0151473
0.00834844
0.00469648
0.00202109
0.000874219
0.000226953
7.03125e-05
3.24219e-05
-0.000211328
-0.000332031
-0.000601953
-0.000332031
-0.000211328
3.24219e-05
7.03125e-05
0.000226953
0.000874219
0.00202109
0.00469648
0.00834844
0.0151473
0.0268801
0.0488336
0.0925461
0.184089
0.399125

#Valores de autocorrelacion para matriz de tamaño: 32 y temperatura: 3.27 ºK
1
0.362065
0.150324
0.067973
0.0324051
0.0161676
0.00856289
0.00450078
0.00211992
0.00134258
0.00110781
0.000533203
0.000379687
-9.41406e-05
-0.000633984
-0.000463672
-0.000256641
-0.000463672
-0.000633984
-9.41406e-05
0.000379688
0.000533203
0.00110781
0.00134258
0.00211992
0.00450078
0.00856289
0.0161676
0.0324051
0.067973
0.150324
0.362065

#Valores de autocorrelacion para matriz de tamaño: 32 y temperatura: 3.5 ºK
1
0.330174
0.123013
0.0494633
0.020634
0.00885781
0.00387891
0.00223008
0.00167656
0.000972656
0.000336719
0.000516016
0.000228125
0.000824609
0.00129297
0.00123594
0.000510547
0.00123594
0.00129297
0.000824609
0.000228125
0.000516016
0.000336719
0.000972656
0.00167656
0.00223008
0.00387891
0.00885781
0.020634
0.0494633
0.123013
0.330174

