<>#Valores de autocorrelacion para matriz de tamaño: 64 y temperatura: 1.5 ºK
0 1   1 0.975832   2 0.973804   3 0.973635   4 0.973595   5 0.973599   6 0.973588   7 0.973616   8 0.973619   9 0.973608   10 0.973612   11 0.97361   12 0.973612   13 0.973623   14 0.973572   15 0.973593   16 0.973594   17 0.973605   18 0.973616   19 0.973586   20 0.973584   21 0.973593   22 0.973609   23 0.973582   24 0.973615   25 0.973589   26 0.973592   27 0.973597   28 0.973618   29 0.973595   30 0.973586   31 0.973622   32 0.973613   33 0.973622   34 0.973586   35 0.973595   36 0.973618   37 0.973597   38 0.973592   39 0.973589   40 0.973615   41 0.973582   42 0.973609   43 0.973593   44 0.973584   45 0.973586   46 0.973616   47 0.973605   48 0.973594   49 0.973593   50 0.973572   51 0.973623   52 0.973612   53 0.97361   54 0.973612   55 0.973608   56 0.973619   57 0.973616   58 0.973588   59 0.973599   60 0.973595   61 0.973635   62 0.973804   63 0.975832


#Valores de autocorrelacion para matriz de tamaño: 64 y temperatura: 1.72 ºK
0 1   1 0.945896   2 0.93869   3 0.937442   4 0.937155   5 0.937097   6 0.937081   7 0.937104   8 0.937078   9 0.937101   10 0.93707   11 0.937136   12 0.937099   13 0.937108   14 0.937072   15 0.937077   16 0.937045   17 0.936998   18 0.937063   19 0.937055   20 0.93712   21 0.937055   22 0.937085   23 0.937069   24 0.937072   25 0.937037   26 0.937064   27 0.937026   28 0.937019   29 0.937047   30 0.937061   31 0.937092   32 0.937102   33 0.937092   34 0.937061   35 0.937047   36 0.937019   37 0.937026   38 0.937064   39 0.937037   40 0.937072   41 0.937069   42 0.937085   43 0.937055   44 0.93712   45 0.937055   46 0.937063   47 0.936998   48 0.937045   49 0.937077   50 0.937072   51 0.937108   52 0.937099   53 0.937136   54 0.93707   55 0.937101   56 0.937078   57 0.937104   58 0.937081   59 0.937097   60 0.937155   61 0.937442   62 0.93869   63 0.945896


#Valores de autocorrelacion para matriz de tamaño: 64 y temperatura: 1.94 ºK
0 1   1 0.893212   2 0.87153   3 0.865843   4 0.863918   5 0.863166   6 0.862817   7 0.862793   8 0.86286   9 0.862857   10 0.862759   11 0.862771   12 0.862689   13 0.862814   14 0.862755   15 0.86275   16 0.862781   17 0.862695   18 0.862723   19 0.862629   20 0.862715   21 0.862667   22 0.862741   23 0.862708   24 0.862732   25 0.862626   26 0.862664   27 0.862602   28 0.862667   29 0.862613   30 0.862669   31 0.862584   32 0.862585   33 0.862584   34 0.862669   35 0.862613   36 0.862667   37 0.862602   38 0.862664   39 0.862626   40 0.862732   41 0.862708   42 0.862741   43 0.862667   44 0.862715   45 0.862629   46 0.862723   47 0.862695   48 0.862781   49 0.86275   50 0.862755   51 0.862814   52 0.862689   53 0.862771   54 0.862759   55 0.862857   56 0.86286   57 0.862793   58 0.862817   59 0.863166   60 0.863918   61 0.865843   62 0.87153   63 0.893212


#Valores de autocorrelacion para matriz de tamaño: 64 y temperatura: 2.16 ºK
0 1   1 0.799406   2 0.73961   3 0.715414   4 0.70337   5 0.696745   6 0.692402   7 0.689594   8 0.68779   9 0.686668   10 0.685765   11 0.684859   12 0.684211   13 0.683797   14 0.683549   15 0.683296   16 0.683213   17 0.682858   18 0.682832   19 0.682375   20 0.682206   21 0.681799   22 0.681854   23 0.681984   24 0.681995   25 0.681909   26 0.681867   27 0.681702   28 0.681869   29 0.681693   30 0.681664   31 0.681457   32 0.681104   33 0.681457   34 0.681664   35 0.681693   36 0.681869   37 0.681702   38 0.681867   39 0.681909   40 0.681995   41 0.681984   42 0.681854   43 0.681799   44 0.682206   45 0.682375   46 0.682832   47 0.682858   48 0.683213   49 0.683296   50 0.683549   51 0.683797   52 0.684211   53 0.684859   54 0.685765   55 0.686668   56 0.68779   57 0.689594   58 0.692402   59 0.696745   60 0.70337   61 0.715414   62 0.73961   63 0.799406


#Valores de autocorrelacion para matriz de tamaño: 64 y temperatura: 2.38 ºK
0 1   1 0.614636   2 0.45083   3 0.358729   4 0.296922   5 0.251595   6 0.216786   7 0.188899   8 0.165474   9 0.145879   10 0.129412   11 0.115073   12 0.10347   13 0.0931934   14 0.0837734   15 0.0758369   16 0.0693457   17 0.0640527   18 0.058665   19 0.053874   20 0.0498525   21 0.0461738   22 0.0427109   23 0.0408281   24 0.0389697   25 0.0371348   26 0.0357559   27 0.0337412   28 0.0326064   29 0.0318994   30 0.0315674   31 0.0306826   32 0.0306045   33 0.0306826   34 0.0315674   35 0.0318994   36 0.0326064   37 0.0337412   38 0.0357559   39 0.0371348   40 0.0389697   41 0.0408281   42 0.0427109   43 0.0461738   44 0.0498525   45 0.053874   46 0.058665   47 0.0640527   48 0.0693457   49 0.0758369   50 0.0837734   51 0.0931934   52 0.10347   53 0.115073   54 0.129412   55 0.145879   56 0.165474   57 0.188899   58 0.216786   59 0.251595   60 0.296922   61 0.358729   62 0.45083   63 0.614636


#Valores de autocorrelacion para matriz de tamaño: 64 y temperatura: 2.61 ºK
0 1   1 0.510963   2 0.309725   3 0.204868   4 0.142329   5 0.101678   6 0.0744629   7 0.0554111   8 0.0413359   9 0.0315547   10 0.0236504   11 0.0178643   12 0.0139492   13 0.0112549   14 0.00878906   15 0.00660937   16 0.00429492   17 0.00312109   18 0.00197852   19 0.00155566   20 0.000368164   21 -0.00040625   22 -0.000480469   23 -0.000367188   24 -0.0011377   25 -0.00187012   26 -0.00143848   27 -0.0010498   28 -0.00065332   29 -9.08203e-05   30 -0.000146484   31 5.66406e-05   32 -0.000370117   33 5.66406e-05   34 -0.000146484   35 -9.08203e-05   36 -0.00065332   37 -0.0010498   38 -0.00143848   39 -0.00187012   40 -0.0011377   41 -0.000367188   42 -0.000480469   43 -0.00040625   44 0.000368164   45 0.00155566   46 0.00197852   47 0.00312109   48 0.00429492   49 0.00660937   50 0.00878906   51 0.0112549   52 0.0139492   53 0.0178643   54 0.0236504   55 0.0315547   56 0.0413359   57 0.0554111   58 0.0744629   59 0.101678   60 0.142329   61 0.204868   62 0.309725   63 0.510963


#Valores de autocorrelacion para matriz de tamaño: 64 y temperatura: 2.83 ºK
0 1   1 0.4471   2 0.234224   3 0.135176   4 0.0822803   5 0.0517686   6 0.0327959   7 0.0214131   8 0.0141162   9 0.00953223   10 0.0063877   11 0.0049209   12 0.004   13 0.00297559   14 0.00281152   15 0.00271094   16 0.00195508   17 0.00197461   18 0.0019248   19 0.00105371   20 0.000766602   21 0.00113379   22 0.00151465   23 0.00222559   24 0.00220215   25 0.00122949   26 0.00106836   27 0.00133105   28 0.00180566   29 0.00183789   30 0.00102246   31 0.00115625   32 0.000723633   33 0.00115625   34 0.00102246   35 0.00183789   36 0.00180566   37 0.00133105   38 0.00106836   39 0.00122949   40 0.00220215   41 0.00222559   42 0.00151465   43 0.00113379   44 0.000766602   45 0.00105371   46 0.0019248   47 0.00197461   48 0.00195508   49 0.00271094   50 0.00281152   51 0.00297559   52 0.004   53 0.0049209   54 0.0063877   55 0.00953223   56 0.0141162   57 0.0214131   58 0.0327959   59 0.0517686   60 0.0822803   61 0.135176   62 0.234224   63 0.4471


#Valores de autocorrelacion para matriz de tamaño: 64 y temperatura: 3.05 ºK
0 1   1 0.398889   2 0.184008   3 0.0922734   4 0.0490869   5 0.02821   6 0.016415   7 0.0089668   8 0.00580078   9 0.00453711   10 0.00347168   11 0.00315332   12 0.00247754   13 0.00139844   14 0.00129785   15 0.00114062   16 0.00152539   17 0.00162988   18 0.0020127   19 0.00161816   20 0.00148926   21 0.00170996   22 0.00142285   23 0.00160547   24 0.000833984   25 0.000387695   26 0.000138672   27 0.00100586   28 0.00121387   29 0.0021416   30 0.00276172   31 0.00292969   32 0.00228125   33 0.00292969   34 0.00276172   35 0.0021416   36 0.00121387   37 0.00100586   38 0.000138672   39 0.000387695   40 0.000833984   41 0.00160547   42 0.00142285   43 0.00170996   44 0.00148926   45 0.00161816   46 0.0020127   47 0.00162988   48 0.00152539   49 0.00114062   50 0.00129785   51 0.00139844   52 0.00247754   53 0.00315332   54 0.00347168   55 0.00453711   56 0.00580078   57 0.0089668   58 0.016415   59 0.02821   60 0.0490869   61 0.0922734   62 0.184008   63 0.398889


#Valores de autocorrelacion para matriz de tamaño: 64 y temperatura: 3.27 ºK
0 1   1 0.36169   2 0.1501   3 0.0676797   4 0.0327725   5 0.0175156   6 0.0087041   7 0.00534766   8 0.00257324   9 0.00213281   10 0.00152734   11 0.00141602   12 0.00123633   13 0.00135937   14 0.000993164   15 0.00212012   16 0.00218945   17 0.0012207   18 0.000961914   19 0.000180664   20 0.000188477   21 -0.000646484   22 -0.000320312   23 -0.000294922   24 -0.000194336   25 -0.000121094   26 0.000525391   27 0.00108496   28 0.00120801   29 0.00104785   30 0.000166992   31 0.000251953   32 -0.000273437   33 0.000251953   34 0.000166992   35 0.00104785   36 0.00120801   37 0.00108496   38 0.000525391   39 -0.000121094   40 -0.000194336   41 -0.000294922   42 -0.000320312   43 -0.000646484   44 0.000188477   45 0.000180664   46 0.000961914   47 0.0012207   48 0.00218945   49 0.00212012   50 0.000993164   51 0.00135937   52 0.00123633   53 0.00141602   54 0.00152734   55 0.00213281   56 0.00257324   57 0.00534766   58 0.0087041   59 0.0175156   60 0.0327725   61 0.0676797   62 0.1501   63 0.36169


#Valores de autocorrelacion para matriz de tamaño: 64 y temperatura: 3.5 ºK
0 1   1 0.330811   2 0.12402   3 0.0510967   4 0.0228838   5 0.0104902   6 0.0046875   7 0.00245117   8 0.00114746   9 0.0017666   10 0.00206934   11 0.00200195   12 0.00143164   13 0.000408203   14 0.000916992   15 0.000402344   16 0.000224609   17 0.000553711   18 0.000682617   19 0.000432617   20 0.000780273   21 0.00115918   22 0.00116406   23 0.000681641   24 0.00168066   25 0.0010293   26 0.00136523   27 0.00153516   28 0.00195898   29 0.00118262   30 0.00140723   31 0.000775391   32 0.00123437   33 0.000775391   34 0.00140723   35 0.00118262   36 0.00195898   37 0.00153516   38 0.00136523   39 0.0010293   40 0.00168066   41 0.000681641   42 0.00116406   43 0.00115918   44 0.000780273   45 0.000432617   46 0.000682617   47 0.000553711   48 0.000224609   49 0.000402344   50 0.000916992   51 0.000408203   52 0.00143164   53 0.00200195   54 0.00206934   55 0.0017666   56 0.00114746   57 0.00245117   58 0.0046875   59 0.0104902   60 0.0228838   61 0.0510967   62 0.12402   63 0.330811






